-0.000262154
-0.000278944
-0.00029434
-0.000308273
-0.000320681
-0.000331511
-0.000340721
-0.000348277
-0.000354156
-0.000358347
-0.000360846
-0.000361661
-0.000360811
-0.000358325
-0.000354243
-0.000348614
-0.000341497
-0.000332963
-0.00032309
-0.000311966
-0.000299689
-0.000286365
-0.000272105
-0.000257031
-0.000241271
-0.000224958
-0.00020823
-0.000191232
-0.000174109
-0.000157013
-0.000140094
-0.000123507
-0.000107401
-9.19282e-05
-7.7234e-05
-6.34596e-05
-5.07387e-05
-3.91947e-05
-2.89377e-05
-2.00608e-05
-1.2635e-05
-6.70328e-06
-2.2724e-06
6.97449e-07
2.306e-06
2.72577e-06
2.2198e-06
1.20986e-06
3.22468e-07
-2.90929e-07
-9.7017e-07
-1.48454e-06
-1.17562e-06
3.98622e-07
3.52735e-06
8.41061e-06
1.51651e-05
2.38399e-05
3.44263e-05
4.68715e-05
6.10866e-05
7.69546e-05
9.43348e-05
0.000113068
0.000132983
0.000153895
0.000175614
0.000197944
0.000220684
0.000243633
0.000266591
0.000289361
0.000311745
0.000333555
0.000354604
0.000374717
0.000393722
0.000411459
0.000427777
0.000442534
0.000455602
0.000466862
0.000476208
0.000483548
0.000488801
0.000491901
0.000492795
0.000491446
0.000487827
0.000481928
0.000473753
0.000463319
0.000450657
0.000435812
0.000418841
0.000399816
0.000378818
0.000355943
0.000331296
0.000304994
0.000277164
0.00024794
0.000217466
0.000185894
0.000153381
0.000120091
8.61916e-05
5.18539e-05
1.72523e-05
-1.74372e-05
-5.20386e-05
-8.63764e-05
-0.000120276
-0.000153567
-0.00018608
-0.000217653
-0.000248127
-0.000277352
-0.000305184
-0.000331487
